1.25 263.8751 4
13.625 263.8751
16.125 254.2501
27.875 254.2501
30.25 243.6251
36.5 243.6251
39.875 213.3751
48.125 182.7501
48.125 173.0001
54.125 152.7501
72.125 142.1251
76.75 121.7501
82.625 111.0001
94.75 101.5001 3
106.75 101.5001
118.5 111.1251
129.375 129.0001
141.375 142.1251
153.25 152.7501
159.125 162.3751
170 173.0001
175.75 182.7501
187.75 187.5001
199.625 202.8751
211.75 205.3751
222.625 213.6251 4
234.375 213.6251
246.25 211.3751
258 202.8751
260.75 193.2501
268.875 182.7501
272.375 173.0001
281 162.3751
283.25 152.7501
292.75 142.1251 4
304.875 142.1251
313.25 162.0001
321.5 167.2501
331.125 162.3751
339.375 153.0001
345.375 132.3751
361.75 121.7501
365.75 90.75012
373.875 61.12511
373.875 50.12512
385.875 40.62508
408.625 40.62508
420.375 50.12512
432.375 60.87509
438.625 70.50011
449.25 81.25008
454.875 90.75012
466.75 96.50009
472.875 121.7501
478.875 141.8751
490.875 146.7501
501.75 157.5001
513.625 173.0001
525.375 193.2501
531.375 213.3751
542.125 223.2501
548.25 233.8751
551.625 243.6251
560 254.2501 5
572 254.2501
583.875 263.8751
594.625 281.6251
606.625 294.7501
612.5 314.8751
618.375 345.7501
618.25 366.5001
620.875 386.3751
630.5 411.5001
641.375 416.3751
644.875 426.7501
653.125 437.8751 4
664.875 437.8751
667.5 427.1251
679.375 427.1251
683.125 416.3751
688 416.3751
697.375 411.5001
705.625 402.0001
711.75 381.6251
729.625 371.1251
746.375 325.7501
758.125 323.2501
770 315.1251
772.5 305.5001
780.875 294.7501
784.5 285.1251
792.625 274.2501
804.75 274.2501
807.125 243.2501
816.5 213.3751
816.5 202.8751
827.25 202.8751
831 193.2501
839.5 182.7501
845.25 162.3751
851.125 152.5001
863.25 142.1251
865.625 111.1251
874 81
874 70.625
877.375 60.87509
885.75 50.12512 5
897.5 50.12512
903.5 30.00008
909.875 20.25009
920.5 9.750061
932.25 0.2500916 2
1025.5 0.2500916
1031.375 30.00008
1043.5 50.12512
1049.25 70.50011
1055.125 70.50011
1063.625 90.75012
1072 96.87508
1083.625 111.1251
1095.625 114.8751
1106.5 121.7501 5
1118.5 121.7501
1122 111.1251
1136.375 76.37512
1138.75 65.75012
1148.125 56.25008
1156.5 50.50011
1165 40.62508
1170.875 20.50011
1188.875 9.500122
1211.75 9.500122
1236.75 7.250061
1259.375 7.629395E-05 2
1305.5 7.629395E-05
1311.875 20.25009
1317.75 50.12512
1317.75 70.5
1329.75 70.5
1335.375 90.75
1346.5 101.5
1352.25 111.125
1355.875 121.5
1364.25 132.75
1376.125 132.75
1382.125 157.5
1386.875 177.875
1398.875 182.75
1410.875 173 3
1433.375 173
1445.25 182.75
1448.875 202.875
1457.25 229.25
1469.375 233.875
1471.625 243.25
1480.125 254
1492.125 263.875